0Nipa
-1   4.6  8.2  3.5  7.3  1.8   10   13   14   19
-1    10   18   9    18   4    19   13   23   34
1Jauhar-Chowrangi
4.6  -1    6   3.9   12   6    15   15   15   21
10   -1    15   22   31   17   28   25   27   37 
2Star-Gate
8.2   6   -1    13   11   11   17   14   15   20
18   15   -1    27   38   23   30   24   26   36
3Water-Pump
3.5  3.9   13   -1   4   3.5   11   16   18   16
9     22   27   -1   11   11   22   29   31   36
4Five-Star-Chowrangi
7.3   12   11   4   -1   8.1   12   17   18   17
18    31   38   11  -1    17   28   34   38   42
5Gulshun-Chowrangi
1.8   6    11  3.5  8.1  -1    13   16   17   22
4    17    23   11   17  -1    25   28   29   40
6Regal-Chowk
10   15   17   11   12   13   -1   11   9.3   9
19   28   30   22   28   25   -1   22   22   18
7Brooks-Chowrangi
13   15   14   16   17   16   11   -1   2.3  9.5
13   25   24   29   34   28   22   -1    6   22
8Qayumabad-Crossing
14   15   15   18   18   17   9.3  2.3  -1    8
23   27   26   31   38   29    22    6  -1    22
9Clifton
19   21   20   16   17   22    9   9.5   8   -1
34   37   36   36   42   40   18   22   22   -1